1
0
153
0 103.276 3.141593
41.1 2.737161 -2.424219
82.1 16.89031 -2.590273
123.2 6.568774 0.4734784
164.3 7.286789 0.358697
205.3 3.251765 3.076521
246.4 5.528753 2.759033
287.5 9.297293 -0.1943094
328.5 4.798409 -0.1048869
369.6 12.29919 -3.065417
410.7 1.654724 -2.932576
451.7 9.580136 0.7078066
492.8 1.645395 -2.218235
533.9 3.187182 -1.108464
574.9 1.931387 -2.501645
616 5.634661 -1.599319
657.1 6.304538 2.122549
698.1 5.584031 2.693703
739.2 8.021553 0.08056636
780.3 2.705909 0.6415461
821.3 5.312083 -1.676821
862.4 0.3508366 0.1996514
903.5 4.54584 -3.061034
944.5 1.366294 0.7424446
985.6 5.381549 1.471708
1026.7 2.94853 -1.194975
1067.7 4.149148 -0.5004498
1108.8 3.932532 -2.950598
1149.9 2.68365 -2.247298
1190.9 3.937434 1.70603
1232 1.297503 2.588511
1273.1 4.590727 0.03473494
1314.1 0.1396713 0.9779814
1355.2 4.721675 -1.739738
1396.3 1.274004 1.893528
1437.3 3.934526 2.760616
1478.4 2.515432 0.4020928
1519.5 3.133105 1.169781
1560.5 3.215516 -1.230129
1601.6 2.183884 -0.4516477
1642.7 3.785036 -2.909527
1683.7 1.076271 -2.223983
1724.8 3.530272 1.697617
1765.9 0.2480458 -1.478996
1806.9 2.952713 -0.04463723
1848 1.070161 -2.550829
1889.1 2.339769 -1.740971
1930.1 1.610843 1.995105
1971.2 1.817626 2.783518
2012.3 2.077051 0.2803275
2053.3 1.194721 0.9729208
2094.4 2.216033 -1.385306
2135.5 0.467774 -0.4586147
2176.5 2.173591 -3.107436
2217.6 0.2057788 0.7882793
2258.7 1.905597 1.578522
2299.7 0.666807 -0.8204371
2340.8 1.408794 -0.207442
2381.9 0.951302 -2.443765
2422.9 1.150499 -1.926567
2464 1.034761 2.132832
2505.1 0.6102449 2.728332
2546.1 1.088764 0.3745193
2587.2 0.3902639 1.040222
2628.3 0.9900104 -1.21816
2669.3 0.06645299 -2.469128
2710.4 0.8027754 -2.957584
2751.5 0.4722944 1.338044
2792.5 0.525986 1.756714
2833.6 0.3724203 -0.1209759
2874.7 0.3298847 -0.1543597
2915.7 0.3180268 -2.137644
2956.8 0.4091037 -2.022183
2997.9 0.1069502 -2.788976
3038.9 0.2070825 2.780177
3080 0.2301818 0.3759787
3121.1 0.2065934 1.311467
3162.1 0.2065934 -1.311467
3203.2 0.2301818 -0.3759787
3244.3 0.2070825 -2.780177
3285.3 0.1069502 2.788976
3326.4 0.4091037 2.022183
3367.5 0.3180268 2.137644
3408.5 0.3298847 0.1543597
3449.6 0.3724203 0.1209759
3490.7 0.525986 -1.756714
3531.7 0.4722944 -1.338044
3572.8 0.8027754 2.957584
3613.9 0.06645299 2.469128
3654.9 0.9900104 1.21816
3696 0.3902639 -1.040222
3737.1 1.088764 -0.3745193
3778.1 0.6102449 -2.728332
3819.2 1.034761 -2.132832
3860.3 1.150499 1.926567
3901.3 0.951302 2.443765
3942.4 1.408794 0.207442
3983.5 0.666807 0.8204371
4024.5 1.905597 -1.578522
4065.6 0.2057788 -0.7882793
4106.7 2.173591 3.107436
4147.7 0.467774 0.4586147
4188.8 2.216033 1.385306
4229.9 1.194721 -0.9729208
4270.9 2.077051 -0.2803275
4312 1.817626 -2.783518
4353.1 1.610843 -1.995105
4394.1 2.339769 1.740971
4435.2 1.070161 2.550829
4476.3 2.952713 0.04463723
4517.3 0.2480458 1.478996
4558.4 3.530272 -1.697617
4599.5 1.076271 2.223983
4640.5 3.785036 2.909527
4681.6 2.183884 0.4516477
4722.7 3.215516 1.230129
4763.7 3.133105 -1.169781
4804.8 2.515432 -0.4020928
4845.9 3.934526 -2.760616
4886.9 1.274004 -1.893528
4928 4.721675 1.739738
4969.1 0.1396713 -0.9779814
5010.1 4.590727 -0.03473494
5051.2 1.297503 -2.588511
5092.3 3.937434 -1.70603
5133.3 2.68365 2.247298
5174.4 3.932532 2.950598
5215.5 4.149148 0.5004498
5256.5 2.94853 1.194975
5297.6 5.381549 -1.471708
5338.7 1.366294 -0.7424446
5379.7 4.54584 3.061034
5420.8 0.3508366 -0.1996514
5461.9 5.312083 1.676821
5502.9 2.705909 -0.6415461
5544 8.021553 -0.08056636
5585.1 5.584031 -2.693703
5626.1 6.304538 -2.122549
5667.2 5.634661 1.599319
5708.3 1.931387 2.501645
5749.3 3.187182 1.108464
5790.4 1.645395 2.218235
5831.5 9.580136 -0.7078066
5872.5 1.654724 2.932576
5913.6 12.29919 3.065417
5954.7 4.798409 0.1048869
5995.7 9.297293 0.1943094
6036.8 5.528753 -2.759033
6077.9 3.251765 -3.076521
6118.9 7.286789 -0.358697
6160 6.568774 -0.4734784
6201.1 16.89031 2.590273
6242.1 2.737161 2.424219
