0
0
153
0 -0.7660142
1 -0.7659594
2 -0.7660497
3 -0.766028
4 -0.7657725
5 -0.7664825
6 -0.7658834
7 -0.7651095
8 -0.7682672
9 -0.7685739
10 -0.844812
11 -0.8527011
12 -0.8080726
13 -0.7336156
14 -0.7267047
15 -0.6855528
16 -0.6333204
17 -0.694804
18 -0.8340459
19 -0.8540336
20 -0.8831214
21 -0.8935224
22 -0.9309277
23 -0.8125802
24 0.6751473
25 0.6507188
26 -0.5552531
27 -0.8045554
28 -0.8003329
29 -0.7980263
30 -0.7997719
31 -0.758034
32 -0.7188314
33 -0.6830273
34 -0.6384773
35 -0.5849662
36 -0.5068137
37 -0.4272416
38 -0.298412
39 -0.1472756
40 0.01188509
41 0.1454833
42 0.220548
43 0.1679181
44 -0.08020574
45 -0.3724762
46 -0.6046385
47 -0.7360706
48 -0.7939575
49 -0.8201942
50 -0.8207019
51 -0.8259642
52 -0.8201717
53 -0.8180724
54 -0.8239369
55 -0.8096444
56 -0.8178201
57 -0.8081816
58 -0.8159178
59 -0.821211
60 -0.8340972
61 -0.8362594
62 -0.8318439
63 -0.8251454
64 -0.8346123
65 -0.8365492
66 -0.8372812
67 -0.8483068
68 -0.8394844
69 -0.8500908
70 -0.852467
71 -0.8454878
72 -0.850733
73 -0.848468
74 -0.8560957
75 -0.8523571
76 -0.853792
77 -0.8538137
78 -0.8734103
79 -0.8644925
80 -0.8613285
81 -0.8490433
82 -0.7526742
83 -0.757229
84 -0.69827
85 -0.6631231
86 -0.6593515
87 -0.7957185
88 -0.8768139
89 -0.8967659
90 -0.9036117
91 -0.9188365
92 -1
93 0.1679569
94 1
95 -0.2174814
96 -0.8166242
97 -0.7778536
98 -0.8067757
99 -0.7906882
100 -0.7568142
101 -0.7453536
102 -0.713441
103 -0.6792549
104 -0.6312428
105 -0.5722722
106 -0.4915676
107 -0.3833794
108 -0.2514145
109 -0.08484236
110 0.05419198
111 0.1626338
112 0.1555917
113 0.0071745
114 -0.2808181
115 -0.563993
116 -0.7173617
117 -0.7919381
118 -0.8008262
119 -0.8193512
120 -0.8110416
121 -0.8192688
122 -0.8160782
123 -0.8315861
124 -0.8368796
125 -0.8418086
126 -0.8286501
127 -0.851842
128 -0.8474577
129 -0.8541837
130 -0.8544012
131 -0.8675004
132 -0.8642382
133 -0.8756456
134 -0.8864166
135 -0.8803418
136 -0.8836812
137 -0.8857276
138 -0.882998
139 -0.8802941
140 -0.8979867
141 -0.887473
142 -0.9001933
143 -0.8039156
144 -0.7662058
145 -0.7633455
146 -0.7675291
147 -0.7659029
148 -0.7655177
149 -0.7662992
150 -0.7659351
151 -0.7659418
152 -0.7660097
