0
0
0
39.21569 103.276 3.141593
78.43137 2.72967 -2.416581
117.6471 16.89015 -2.581248
156.8627 6.57957 0.4810091
196.0784 7.281475 0.3668748
235.2941 3.240608 3.084571
274.5098 5.530017 2.764004
313.7255 9.288893 -0.1853886
352.9412 4.814056 -0.0969673
392.1569 12.28148 -3.061745
431.3726 1.650061 -2.924994
470.5883 9.597551 0.7145637
509.8039 1.63046 -2.217763
549.0196 3.194854 -1.09962
588.2353 1.935308 -2.492315
627.451 5.62711 -1.590022
666.6667 6.312194 2.128859
705.8824 5.584032 2.693702
745.098 8.051265 0.09672084
784.3137 2.722532 0.6528294
823.5294 5.309864 -1.670292
862.7451 0.3517644 0.2223016
901.9608 4.548132 -3.053215
941.1765 1.358926 0.7475966
980.3922 5.382131 1.479514
1019.608 2.916164 -1.196101
1058.823 4.156264 -0.4921363
1098.039 3.896954 -2.956288
1137.255 2.668532 -2.237993
1176.471 3.934719 1.721529
1215.686 1.312315 2.593409
1254.902 4.591403 0.04309233
1294.118 0.1323939 0.8801627
1333.333 4.722095 -1.730707
1372.549 1.274005 1.893527
1411.765 3.942559 2.767981
1450.98 2.526231 0.4341574
1490.196 3.134431 1.178265
1529.412 3.215405 -1.216906
1568.627 2.194732 -0.431702
1607.843 3.78464 -2.899511
1647.059 1.088106 -2.229491
1686.275 3.518876 1.709184
1725.49 0.2555619 -1.492521
1764.706 2.948152 -0.03242443
1803.922 1.055819 -2.597139
1843.137 2.343917 -1.734832
1882.353 1.611545 2.011636
1921.569 1.81487 2.791625
1960.784 2.061895 0.2887112
2000 1.201777 0.9667308
2039.216 2.216032 -1.385306
2078.431 0.5221601 -0.4519814
2117.647 2.147563 -3.096202
2156.863 0.2717461 0.8749344
2196.078 1.897226 1.601773
2235.294 0.6789426 -0.8498919
2274.51 1.399931 -0.2095632
2313.726 0.9499582 -2.42376
2352.941 1.15254 -1.91846
2392.157 1.040752 2.129516
2431.373 0.5866655 2.75898
2470.588 1.105876 0.3799962
2509.804 0.4765794 0.9889643
2549.02 0.9987968 -1.229023
2588.235 0.06917059 -2.472565
2627.451 0.7975441 -2.954107
2666.667 0.4691089 1.322837
2705.882 0.5259861 1.756714
2745.098 0.367635 -0.06571802
2784.314 0.3120832 -0.1564504
2823.53 0.3185605 -2.126198
2862.745 0.3230639 -1.866046
2901.961 0.119695 -2.868407
2941.177 0.2076122 2.662398
2980.392 0.1997645 0.3934208
3019.608 0.2053261 1.393214
3058.823 0.2072797 -1.375433
3098.039 0.1971709 -0.3778629
3137.255 0.2001406 -2.630169
3176.471 0.1175281 2.873663
3215.686 0.4385017 1.80187
3254.902 0.3205763 2.148813
3294.118 0.3043428 0.1811478
3333.333 0.3702196 0.08435081
3372.549 0.5259861 -1.756714
3411.765 0.4710623 -1.305531
3450.98 0.8001598 2.971354
3490.196 0.06364916 2.401591
3529.412 1.000378 1.244405
3568.627 0.3831745 -0.7970386
3607.843 1.103274 -0.3626679
3647.059 0.5937347 -2.748071
3686.275 1.038889 -2.110291
3725.49 1.150903 1.936841
3764.706 0.948392 2.442445
3803.922 1.397583 0.2278494
3843.137 0.684878 0.8593562
3882.353 1.896358 -1.583025
3921.569 0.1966014 -0.4529914
3960.784 2.150065 3.113318
4000 0.5154091 0.4779057
4039.216 2.216032 1.385306
4078.431 1.203091 -0.9504811
4117.647 2.062835 -0.2720893
4156.863 1.817035 -2.774987
4196.079 1.607389 -1.989895
4235.294 2.344297 1.751186
4274.51 1.12151 2.522874
4313.726 2.945714 0.05018872
4352.941 0.2560301 1.541414
4392.157 3.517927 -1.691036
4431.373 1.086875 2.24834
4470.588 3.783781 2.917428
4509.804 2.192698 0.449909
4549.02 3.218969 1.232114
4588.235 3.134649 -1.159983
4627.451 2.479319 -0.3728041
4666.667 3.944547 -2.750953
4705.882 1.274005 -1.893527
4745.098 4.722287 1.747607
4784.314 0.133586 -0.8743539
4823.529 4.591897 -0.02605109
4862.745 1.314145 -2.577385
4901.961 3.932702 -1.702093
4941.177 2.66762 2.254531
4980.392 3.919703 2.943735
5019.608 4.154486 0.5100476
5058.824 2.914151 1.21623
5098.039 5.381761 -1.461578
5137.255 1.359894 -0.7313917
5176.471 4.547554 3.071079
5215.687 0.3491453 -0.2046372
5254.902 5.309899 1.686228
5294.118 2.724021 -0.6345913
5333.333 8.041645 -0.06446982
5372.549 5.584032 -2.693702
5411.765 6.31561 -2.112562
5450.98 5.627666 1.60702
5490.196 1.934514 2.510692
5529.412 3.19334 1.116687
5568.627 1.632511 2.236218
5607.843 9.603058 -0.6964982
5647.059 1.647808 2.941655
5686.274 12.29055 3.069504
5725.49 4.811683 0.1146429
5764.706 9.281212 0.2031035
5803.922 5.527424 -2.746482
5843.137 3.241164 -3.06654
5882.353 7.282549 -0.3496467
5921.569 6.577016 -0.4636468
5960.784 16.8838 2.598408
6000 2.728338 2.433218
