0
0
153
0 0.0006253258
1 0.06227461
2 -0.03944113
3 -0.01495587
4 0.2730264
5 -0.5273118
6 0.1479191
7 1.020279
8 -2.538977
9 -2.884666
10 -88.81898
11 -97.71139
12 -47.40694
13 36.51968
14 44.30954
15 90.69524
16 149.5708
17 80.26755
18 -76.68359
19 -99.2134
20 -132.0007
21 -143.7245
22 -185.8872
23 -52.48781
24 1624.453
25 1596.918
26 237.5668
27 -43.44244
28 -38.68287
29 -36.08292
30 -38.05057
31 8.995699
32 53.1842
33 93.54195
34 143.758
35 204.0748
36 292.167
37 381.8593
38 527.0739
39 697.4323
40 876.8355
41 1027.425
42 1112.037
43 1052.713
44 773.0323
45 443.5899
46 181.9006
47 33.75249
48 -31.49661
49 -61.07026
50 -61.64251
51 -67.5741
52 -61.04479
53 -58.67857
54 -65.28893
55 -49.1787
56 -58.39418
57 -47.52979
58 -56.24993
59 -62.21634
60 -76.74142
61 -79.17864
62 -74.20152
63 -66.65107
64 -77.32209
65 -79.50532
66 -80.33045
67 -92.75826
68 -82.81376
69 -94.7692
70 -97.44759
71 -89.58079
72 -95.49303
73 -92.93999
74 -101.5378
75 -97.32368
76 -98.94106
77 -98.96558
78 -121.0545
79 -111.0024
80 -107.4362
81 -93.58836
82 15.03716
83 9.903096
84 76.36071
85 115.9777
86 120.229
87 -33.48158
88 -124.891
89 -147.3805
90 -155.0969
91 -172.2581
92 -263.7443
93 1052.757
94 1990.622
95 618.2974
96 -57.04613
97 -13.34464
98 -45.94508
99 -27.81152
100 10.37069
101 23.2888
102 59.26025
103 97.79413
104 151.9126
105 218.3832
106 309.3521
107 431.3001
108 580.0487
109 767.806
110 924.5231
111 1046.757
112 1038.819
113 871.5258
114 546.9055
115 227.7154
116 54.84079
117 -29.22039
118 -39.23892
119 -60.12001
120 -50.75356
121 -60.02711
122 -56.43075
123 -73.91094
124 -79.87769
125 -85.43356
126 -70.60152
127 -96.74313
128 -91.80119
129 -99.38267
130 -99.62774
131 -114.393
132 -110.7159
133 -123.5742
134 -135.715
135 -128.8675
136 -132.6317
137 -134.9384
138 -131.8616
139 -128.8138
140 -148.7566
141 -136.9057
142 -151.2439
143 -42.72128
144 -0.2154078
145 3.008676
146 -1.70698
147 0.1260106
148 0.5601647
149 -0.3207298
150 0.08968059
151 0.08216563
152 0.005666356
